metadata;chart.title;;;;;;;;;;;;;
metadata;chart.subtitle;;;;;;;;;;;;;
metadata;chart.xLabel;;;;;;;;;;;;;
metadata;chart.yLabel;PJ useful energy;;;;;;;;;;;;
metadata;chart.source;;;;;;;;;;;;;
metadata;chart.section;;;;;;;;;;;;;
metadata;chart.type;bar.grouped.stacked;;;;;;;;;;;;
metadata;chart.level_1;scenario;;;;;;;;;;;;
metadata;chart.level_2;year;;;;;;;;;;;;
metadata;chart.note;;;;;;;;;;;;;
metadata;data.source;IET_NRCAN_NATEM Results_NRG_2021-06-11_Version Finale.xlsm;;;;;;;;;;;;
metadata;data.file;;;;;;;;;;;;;
data;year;scenario;Système au charbon;Système au gaz naturel;Thermopompe au gaz naturel;Système au mazout;Système au propane;Système électrique;Thermopompe électrique;Système à hydrogène;Poêle à bois ou aux granules;Géothermie;Système solaire thermique;Conservation d'énergie 
data;2016;-;0.1;356.6;0.0;45.5;10.4;200.7;91.6;0.0;97.3;0.0;0.0;0.0
data;2030;REF;0.0;275.4;0.0;12.9;4.3;160.2;232.2;0.0;74.1;0.0;0.0;-120.3
data;2030;CP30;0.0;270.5;0.0;12.3;1.6;138.3;258.1;0.0;78.4;0.0;0.0;-120.3
data;2030;NZ60;0.0;234.5;0.0;9.8;3.5;157.3;206.3;0.0;74.9;0.0;0.0;-120.3
data;2030;NZ50;0.0;225.7;0.0;9.7;1.4;143.4;225.7;0.0;63.7;0.0;0.0;-120.3
data;2030;NZ45;0.0;195.3;0.0;6.9;0.9;138.4;260.8;0.0;59.8;0.0;0.0;-120.3
data;2040;REF;0.0;227.2;0.0;11.4;3.5;152.5;345.1;0.0;58.2;0.0;0.0;-146.8
data;2040;CP30;0.0;154.8;0.0;10.2;1.9;110.1;460.8;0.0;61.7;0.0;0.0;-147.1
data;2040;NZ60;0.0;109.9;0.0;3.3;2.0;96.8;442.0;0.0;31.0;0.0;0.0;-147.1
data;2040;NZ50;0.0;109.1;0.0;0.0;0.1;96.0;454.0;0.0;22.8;0.0;0.0;-147.1
data;2040;NZ45;0.0;109.1;0.0;0.0;0.0;97.4;453.5;0.0;22.3;0.0;0.0;-147.1
data;2050;REF;0.0;163.8;0.0;10.4;3.4;126.9;474.2;0.0;50.7;0.0;0.0;-173.1
data;2050;CP30;0.0;45.2;0.0;9.9;1.9;68.2;642.1;0.0;63.5;0.0;0.0;-173.8
data;2050;NZ60;0.0;8.9;0.0;0.0;0.0;70.3;615.9;0.0;3.2;0.0;0.0;-173.6
data;2050;NZ50;0.0;8.9;0.0;0.0;0.0;61.3;621.3;0.0;1.8;0.0;0.0;-173.6
data;2050;NZ45;0.0;8.9;0.0;0.0;0.0;61.4;626.5;0.0;1.8;0.0;0.0;-173.6
data;2060;REF;0.0;181.8;0.0;11.3;3.4;108.6;548.5;0.0;49.7;0.0;0.0;-199.0
data;2060;CP30;0.0;50.3;0.0;10.6;2.1;72.9;702.7;0.0;65.6;0.0;0.0;-199.4
data;2060;NZ60;0.0;9.7;0.0;0.0;0.0;68.4;669.8;0.0;2.0;0.0;0.0;-198.9
data;2060;NZ50;0.0;9.7;0.0;0.0;0.0;67.2;672.9;0.0;2.0;0.0;0.0;-198.9
data;2060;NZ45;0.0;9.7;0.0;0.0;0.0;67.2;673.9;0.0;2.0;0.0;0.0;-198.9